Start: -0.5000V
Step: 0.0100V
Stop: 1.1500V
Delay: 1.0ms
-5.000000E-1	-1.778332E-8
-4.900000E-1	-1.550352E-8
-4.800000E-1	-1.439599E-8
-4.700000E-1	-1.394103E-8
-4.600000E-1	-1.358972E-8
-4.500000E-1	-1.324170E-8
-4.400000E-1	-1.301193E-8
-4.300000E-1	-1.276690E-8
-4.200000E-1	-1.251719E-8
-4.100000E-1	-1.242616E-8
-4.000000E-1	-1.245849E-8
-3.900000E-1	-1.215763E-8
-3.800000E-1	-1.205838E-8
-3.700000E-1	-1.192905E-8
-3.600000E-1	-1.179472E-8
-3.500000E-1	-1.167930E-8
-3.400000E-1	-1.156808E-8
-3.300000E-1	-1.145555E-8
-3.200000E-1	-1.134166E-8
-3.100000E-1	-1.132938E-8
-3.000000E-1	-1.112924E-8
-2.900000E-1	-1.102627E-8
-2.800000E-1	-1.090464E-8
-2.700000E-1	-1.077776E-8
-2.600000E-1	-1.067800E-8
-2.500000E-1	-1.056255E-8
-2.400000E-1	-1.044858E-8
-2.300000E-1	-1.032411E-8
-2.200000E-1	-1.030646E-8
-2.100000E-1	-1.015146E-8
-2.000000E-1	-9.995603E-9
-1.900000E-1	-9.857038E-9
-1.800000E-1	-9.729772E-9
-1.700000E-1	-9.604753E-9
-1.600000E-1	-9.492736E-9
-1.500000E-1	-9.360855E-9
-1.400000E-1	-9.226312E-9
-1.300000E-1	-9.204854E-9
-1.200000E-1	-8.997223E-9
-1.100000E-1	-8.851337E-9
-1.000000E-1	-8.700249E-9
-9.000000E-2	-8.548737E-9
-8.000000E-2	-8.430067E-9
-7.000000E-2	-8.289048E-9
-6.000000E-2	-8.132589E-9
-5.000000E-2	-7.977728E-9
-4.000000E-2	-7.827278E-9
-3.000000E-2	-7.803527E-9
-2.000000E-2	-7.553109E-9
-1.000000E-2	-7.383782E-9
0.000000E+0	-7.219908E-9
1.000000E-2	-7.069215E-9
2.000000E-2	-6.901705E-9
3.000000E-2	-6.747058E-9
4.000000E-2	-6.567148E-9
5.000000E-2	-6.388464E-9
6.000000E-2	-6.228825E-9
7.000000E-2	-6.165894E-9
8.000000E-2	-5.901041E-9
9.000000E-2	-5.689429E-9
1.000000E-1	-5.499318E-9
1.100000E-1	-5.309887E-9
1.200000E-1	-5.094888E-9
1.300000E-1	-4.887597E-9
1.400000E-1	-4.688513E-9
1.500000E-1	-4.463657E-9
1.600000E-1	-4.426328E-9
1.700000E-1	-4.089274E-9
1.800000E-1	-3.838473E-9
1.900000E-1	-3.586151E-9
2.000000E-1	-3.338356E-9
2.100000E-1	-3.078075E-9
2.200000E-1	-2.811362E-9
2.300000E-1	-2.494625E-9
2.400000E-1	-2.176616E-9
2.500000E-1	-2.009148E-9
2.600000E-1	-1.498236E-9
2.700000E-1	-1.083860E-9
2.800000E-1	-6.319453E-10
2.900000E-1	-1.255195E-10
3.000000E-1	4.579347E-10
3.100000E-1	1.110322E-9
3.200000E-1	1.854667E-9
3.300000E-1	2.709212E-9
3.400000E-1	3.717077E-9
3.500000E-1	4.904711E-9
3.600000E-1	6.298989E-9
3.700000E-1	7.993522E-9
3.800000E-1	1.005034E-8
3.900000E-1	1.256125E-8
4.000000E-1	1.560486E-8
4.100000E-1	1.934589E-8
4.200000E-1	2.395136E-8
4.300000E-1	2.971608E-8
4.400000E-1	3.646173E-8
4.500000E-1	4.569660E-8
4.600000E-1	5.691980E-8
4.700000E-1	7.096919E-8
4.800000E-1	8.864114E-8
4.900000E-1	1.109573E-7
5.000000E-1	1.392497E-7
5.100000E-1	1.749766E-7
5.200000E-1	2.201791E-7
5.300000E-1	2.775028E-7
5.400000E-1	3.495720E-7
5.500000E-1	4.426745E-7
5.600000E-1	5.600818E-7
5.700000E-1	7.098162E-7
5.800000E-1	8.993794E-7
5.900000E-1	1.135579E-6
6.000000E-1	1.443420E-6
6.100000E-1	1.830833E-6
6.200000E-1	2.321725E-6
6.300000E-1	2.945429E-6
6.400000E-1	3.729933E-6
6.500000E-1	4.724182E-6
6.600000E-1	5.975940E-6
6.700000E-1	7.551279E-6
6.800000E-1	9.528469E-6
6.900000E-1	1.198668E-5
7.000000E-1	1.509382E-5
7.100000E-1	1.894058E-5
7.200000E-1	2.370891E-5
7.300000E-1	2.959324E-5
7.400000E-1	3.681420E-5
7.500000E-1	4.563572E-5
7.600000E-1	5.633706E-5
7.700000E-1	6.926306E-5
7.800000E-1	8.465336E-5
7.900000E-1	1.028603E-4
8.000000E-1	1.240932E-4
8.100000E-1	1.488623E-4
8.200000E-1	1.772452E-4
8.300000E-1	2.094176E-4
8.400000E-1	2.455903E-4
8.500000E-1	2.855177E-4
8.600000E-1	3.292417E-4
8.700000E-1	3.765840E-4
8.800000E-1	4.272886E-4
8.900000E-1	4.811066E-4
9.000000E-1	5.377199E-4
9.100000E-1	5.969690E-4
9.200000E-1	6.581254E-4
9.300000E-1	7.210718E-4
9.400000E-1	7.855158E-4
9.500000E-1	8.511746E-4
9.600000E-1	9.178615E-4
9.700000E-1	9.853942E-4
9.800000E-1	1.053743E-3
9.900000E-1	1.122632E-3
1.000000E+0	1.192193E-3
1.010000E+0	1.262341E-3
1.020000E+0	1.333156E-3
1.030000E+0	1.404712E-3
1.040000E+0	1.476857E-3
1.050000E+0	1.549986E-3
1.060000E+0	1.623679E-3
1.070000E+0	1.698227E-3
1.080000E+0	1.773750E-3
1.090000E+0	1.850277E-3
1.100000E+0	1.927837E-3
1.110000E+0	2.006732E-3
1.120000E+0	2.086540E-3
1.130000E+0	2.167561E-3
1.140000E+0	2.249848E-3
