Start: -0.5000V
Step: 0.0100V
Stop: 1.1500V
Delay: 1.0ms
-5.000000E-1	-4.087815E-4
-4.900000E-1	-4.089233E-4
-4.800000E-1	-4.089561E-4
-4.700000E-1	-4.089458E-4
-4.600000E-1	-4.088708E-4
-4.500000E-1	-4.088047E-4
-4.400000E-1	-4.087302E-4
-4.300000E-1	-4.086218E-4
-4.200000E-1	-4.085161E-4
-4.100000E-1	-4.084146E-4
-4.000000E-1	-4.082966E-4
-3.900000E-1	-4.081642E-4
-3.800000E-1	-4.080324E-4
-3.700000E-1	-4.078827E-4
-3.600000E-1	-4.077351E-4
-3.500000E-1	-4.075899E-4
-3.400000E-1	-4.074483E-4
-3.300000E-1	-4.073065E-4
-3.200000E-1	-4.071454E-4
-3.100000E-1	-4.069635E-4
-3.000000E-1	-4.067900E-4
-2.900000E-1	-4.066274E-4
-2.800000E-1	-4.064625E-4
-2.700000E-1	-4.062960E-4
-2.600000E-1	-4.061190E-4
-2.500000E-1	-4.059349E-4
-2.400000E-1	-4.057473E-4
-2.300000E-1	-4.055576E-4
-2.200000E-1	-4.053637E-4
-2.100000E-1	-4.051703E-4
-2.000000E-1	-4.049714E-4
-1.900000E-1	-4.047622E-4
-1.800000E-1	-4.045523E-4
-1.700000E-1	-4.043434E-4
-1.600000E-1	-4.041419E-4
-1.500000E-1	-4.039083E-4
-1.400000E-1	-4.036917E-4
-1.300000E-1	-4.034665E-4
-1.200000E-1	-4.032444E-4
-1.100000E-1	-4.030127E-4
-1.000000E-1	-4.027763E-4
-9.000000E-2	-4.025365E-4
-8.000000E-2	-4.022917E-4
-7.000000E-2	-4.020485E-4
-6.000000E-2	-4.017941E-4
-5.000000E-2	-4.015430E-4
-4.000000E-2	-4.012837E-4
-3.000000E-2	-4.010192E-4
-2.000000E-2	-4.007555E-4
-1.000000E-2	-4.004696E-4
0.000000E+0	-4.001816E-4
1.000000E-2	-3.999016E-4
2.000000E-2	-3.996108E-4
3.000000E-2	-3.993256E-4
4.000000E-2	-3.990252E-4
5.000000E-2	-3.987274E-4
6.000000E-2	-3.984247E-4
7.000000E-2	-3.981124E-4
8.000000E-2	-3.977808E-4
9.000000E-2	-3.974459E-4
1.000000E-1	-3.971093E-4
1.100000E-1	-3.967697E-4
1.200000E-1	-3.964299E-4
1.300000E-1	-3.960747E-4
1.400000E-1	-3.957104E-4
1.500000E-1	-3.953428E-4
1.600000E-1	-3.949608E-4
1.700000E-1	-3.945820E-4
1.800000E-1	-3.941997E-4
1.900000E-1	-3.937971E-4
2.000000E-1	-3.933847E-4
2.100000E-1	-3.929655E-4
2.200000E-1	-3.925406E-4
2.300000E-1	-3.920978E-4
2.400000E-1	-3.916427E-4
2.500000E-1	-3.911752E-4
2.600000E-1	-3.906968E-4
2.700000E-1	-3.902052E-4
2.800000E-1	-3.897098E-4
2.900000E-1	-3.891913E-4
3.000000E-1	-3.886595E-4
3.100000E-1	-3.881166E-4
3.200000E-1	-3.875614E-4
3.300000E-1	-3.869810E-4
3.400000E-1	-3.863890E-4
3.500000E-1	-3.857734E-4
3.600000E-1	-3.851279E-4
3.700000E-1	-3.844651E-4
3.800000E-1	-3.837794E-4
3.900000E-1	-3.830712E-4
4.000000E-1	-3.823314E-4
4.100000E-1	-3.815681E-4
4.200000E-1	-3.807700E-4
4.300000E-1	-3.799367E-4
4.400000E-1	-3.790599E-4
4.500000E-1	-3.781406E-4
4.600000E-1	-3.771817E-4
4.700000E-1	-3.761767E-4
4.800000E-1	-3.751076E-4
4.900000E-1	-3.739843E-4
5.000000E-1	-3.727977E-4
5.100000E-1	-3.715199E-4
5.200000E-1	-3.701661E-4
5.300000E-1	-3.687237E-4
5.400000E-1	-3.671658E-4
5.500000E-1	-3.654841E-4
5.600000E-1	-3.636606E-4
5.700000E-1	-3.616669E-4
5.800000E-1	-3.594810E-4
5.900000E-1	-3.570644E-4
6.000000E-1	-3.543785E-4
6.100000E-1	-3.513809E-4
6.200000E-1	-3.480104E-4
6.300000E-1	-3.442262E-4
6.400000E-1	-3.399026E-4
6.500000E-1	-3.349730E-4
6.600000E-1	-3.293285E-4
6.700000E-1	-3.228323E-4
6.800000E-1	-3.153352E-4
6.900000E-1	-3.066680E-4
7.000000E-1	-2.966032E-4
7.100000E-1	-2.849837E-4
7.200000E-1	-2.715449E-4
7.300000E-1	-2.560144E-4
7.400000E-1	-2.381430E-4
7.500000E-1	-2.176389E-4
7.600000E-1	-1.941932E-4
7.700000E-1	-1.675126E-4
7.800000E-1	-1.374857E-4
7.900000E-1	-1.038834E-4
8.000000E-1	-6.650761E-5
8.100000E-1	-2.526131E-5
8.200000E-1	1.990743E-5
8.300000E-1	6.887616E-5
8.400000E-1	1.216721E-4
8.500000E-1	1.779292E-4
8.600000E-1	2.374638E-4
8.700000E-1	3.000257E-4
8.800000E-1	3.652633E-4
8.900000E-1	4.329284E-4
9.000000E-1	5.026665E-4
9.100000E-1	5.744196E-4
9.200000E-1	6.474121E-4
9.300000E-1	7.216345E-4
9.400000E-1	7.969415E-4
9.500000E-1	8.729967E-4
9.600000E-1	9.497706E-4
9.700000E-1	1.027196E-3
9.800000E-1	1.105449E-3
9.900000E-1	1.184055E-3
1.000000E+0	1.263362E-3
1.010000E+0	1.343320E-3
1.020000E+0	1.424137E-3
1.030000E+0	1.505787E-3
1.040000E+0	1.588381E-3
1.050000E+0	1.672301E-3
1.060000E+0	1.757030E-3
1.070000E+0	1.843096E-3
1.080000E+0	1.930449E-3
1.090000E+0	2.019104E-3
1.100000E+0	2.109210E-3
1.110000E+0	2.201119E-3
1.120000E+0	2.294351E-3
1.130000E+0	2.389198E-3
1.140000E+0	2.485750E-3
