Start: -0.5000V
Step: 0.0100V
Stop: 0.6500V
Delay: 1.0ms
-5.000000E-1	-6.344473E-5
-4.900000E-1	-6.184422E-5
-4.800000E-1	-6.059989E-5
-4.700000E-1	-5.936744E-5
-4.600000E-1	-5.820832E-5
-4.500000E-1	-5.708073E-5
-4.400000E-1	-5.601227E-5
-4.300000E-1	-5.486144E-5
-4.200000E-1	-5.371102E-5
-4.100000E-1	-5.259270E-5
-4.000000E-1	-5.148980E-5
-3.900000E-1	-5.036657E-5
-3.800000E-1	-4.922286E-5
-3.700000E-1	-4.811146E-5
-3.600000E-1	-4.698268E-5
-3.500000E-1	-4.582327E-5
-3.400000E-1	-4.469278E-5
-3.300000E-1	-4.354222E-5
-3.200000E-1	-4.241305E-5
-3.100000E-1	-4.127517E-5
-3.000000E-1	-4.008719E-5
-2.900000E-1	-3.895130E-5
-2.800000E-1	-3.779154E-5
-2.700000E-1	-3.665893E-5
-2.600000E-1	-3.544785E-5
-2.500000E-1	-3.424237E-5
-2.400000E-1	-3.304368E-5
-2.300000E-1	-3.182932E-5
-2.200000E-1	-3.062396E-5
-2.100000E-1	-2.940709E-5
-2.000000E-1	-2.816155E-5
-1.900000E-1	-2.690897E-5
-1.800000E-1	-2.567726E-5
-1.700000E-1	-2.441767E-5
-1.600000E-1	-2.313055E-5
-1.500000E-1	-2.184441E-5
-1.400000E-1	-2.055075E-5
-1.300000E-1	-1.923352E-5
-1.200000E-1	-1.791086E-5
-1.100000E-1	-1.655665E-5
-1.000000E-1	-1.520795E-5
-9.000000E-2	-1.382131E-5
-8.000000E-2	-1.241790E-5
-7.000000E-2	-1.098494E-5
-6.000000E-2	-9.527058E-6
-5.000000E-2	-8.036895E-6
-4.000000E-2	-6.521809E-6
-3.000000E-2	-4.965591E-6
-2.000000E-2	-3.364414E-6
-1.000000E-2	-1.716543E-6
0.000000E+0	-1.320497E-8
1.000000E-2	1.717247E-6
2.000000E-2	3.552076E-6
3.000000E-2	5.471736E-6
4.000000E-2	7.481134E-6
5.000000E-2	9.590680E-6
6.000000E-2	1.182270E-5
7.000000E-2	1.419879E-5
8.000000E-2	1.673675E-5
9.000000E-2	1.944695E-5
1.000000E-1	2.236620E-5
1.100000E-1	2.551092E-5
1.200000E-1	2.891113E-5
1.300000E-1	3.259346E-5
1.400000E-1	3.662356E-5
1.500000E-1	4.099858E-5
1.600000E-1	4.582334E-5
1.700000E-1	5.107581E-5
1.800000E-1	5.684181E-5
1.900000E-1	6.323492E-5
2.000000E-1	7.020215E-5
2.100000E-1	7.793979E-5
2.200000E-1	8.653489E-5
2.300000E-1	9.603569E-5
2.400000E-1	1.065597E-4
2.500000E-1	1.184018E-4
2.600000E-1	1.314889E-4
2.700000E-1	1.462155E-4
2.800000E-1	1.627229E-4
2.900000E-1	1.812584E-4
3.000000E-1	2.021145E-4
3.100000E-1	2.256208E-4
3.200000E-1	2.521892E-4
3.300000E-1	2.823076E-4
3.400000E-1	3.165651E-4
3.500000E-1	3.555385E-4
3.600000E-1	4.000940E-4
3.700000E-1	4.508369E-4
3.800000E-1	5.093623E-4
3.900000E-1	5.764500E-4
4.000000E-1	6.538979E-4
4.100000E-1	7.433410E-4
4.200000E-1	8.472651E-4
4.300000E-1	9.688643E-4
4.400000E-1	1.110585E-3
4.500000E-1	1.277817E-3
4.600000E-1	1.475789E-3
4.700000E-1	1.711688E-3
4.800000E-1	1.994912E-3
4.900000E-1	2.337180E-3
5.000000E-1	2.756009E-3
5.100000E-1	3.268371E-3
5.200000E-1	3.901056E-3
5.300000E-1	4.686785E-3
5.400000E-1	5.666374E-3
5.500000E-1	6.889183E-3
5.600000E-1	8.413013E-3
5.700000E-1	9.999612E-3
5.800000E-1	9.999611E-3
5.900000E-1	9.999608E-3
6.000000E-1	9.999610E-3
6.100000E-1	9.999612E-3
6.200000E-1	9.999616E-3
6.300000E-1	9.999606E-3
6.400000E-1	9.999600E-3
