Start: -0.5000V
Step: 0.0100V
Stop: 0.6500V
Delay: 1.0ms
-5.000000E-1	-3.530693E-3
-4.900000E-1	-3.530040E-3
-4.800000E-1	-3.528987E-3
-4.700000E-1	-3.527689E-3
-4.600000E-1	-3.526408E-3
-4.500000E-1	-3.525586E-3
-4.400000E-1	-3.524115E-3
-4.300000E-1	-3.522852E-3
-4.200000E-1	-3.521829E-3
-4.100000E-1	-3.520602E-3
-4.000000E-1	-3.519437E-3
-3.900000E-1	-3.518364E-3
-3.800000E-1	-3.517266E-3
-3.700000E-1	-3.516134E-3
-3.600000E-1	-3.514974E-3
-3.500000E-1	-3.513861E-3
-3.400000E-1	-3.512719E-3
-3.300000E-1	-3.511587E-3
-3.200000E-1	-3.510302E-3
-3.100000E-1	-3.509032E-3
-3.000000E-1	-3.507786E-3
-2.900000E-1	-3.506783E-3
-2.800000E-1	-3.505914E-3
-2.700000E-1	-3.504831E-3
-2.600000E-1	-3.503552E-3
-2.500000E-1	-3.502178E-3
-2.400000E-1	-3.500786E-3
-2.300000E-1	-3.499488E-3
-2.200000E-1	-3.498204E-3
-2.100000E-1	-3.496839E-3
-2.000000E-1	-3.495600E-3
-1.900000E-1	-3.494240E-3
-1.800000E-1	-3.492939E-3
-1.700000E-1	-3.491669E-3
-1.600000E-1	-3.490293E-3
-1.500000E-1	-3.488980E-3
-1.400000E-1	-3.487648E-3
-1.300000E-1	-3.486294E-3
-1.200000E-1	-3.484897E-3
-1.100000E-1	-3.483550E-3
-1.000000E-1	-3.482131E-3
-9.000000E-2	-3.480679E-3
-8.000000E-2	-3.479260E-3
-7.000000E-2	-3.477748E-3
-6.000000E-2	-3.476198E-3
-5.000000E-2	-3.474640E-3
-4.000000E-2	-3.473103E-3
-3.000000E-2	-3.471507E-3
-2.000000E-2	-3.469822E-3
-1.000000E-2	-3.468108E-3
0.000000E+0	-3.466276E-3
1.000000E-2	-3.464508E-3
2.000000E-2	-3.462519E-3
3.000000E-2	-3.460486E-3
4.000000E-2	-3.458457E-3
5.000000E-2	-3.456237E-3
6.000000E-2	-3.453961E-3
7.000000E-2	-3.451427E-3
8.000000E-2	-3.448730E-3
9.000000E-2	-3.445771E-3
1.000000E-1	-3.442636E-3
1.100000E-1	-3.439194E-3
1.200000E-1	-3.435599E-3
1.300000E-1	-3.431470E-3
1.400000E-1	-3.427058E-3
1.500000E-1	-3.422365E-3
1.600000E-1	-3.417189E-3
1.700000E-1	-3.411482E-3
1.800000E-1	-3.405273E-3
1.900000E-1	-3.398400E-3
2.000000E-1	-3.390829E-3
2.100000E-1	-3.382367E-3
2.200000E-1	-3.372805E-3
2.300000E-1	-3.362416E-3
2.400000E-1	-3.350686E-3
2.500000E-1	-3.337598E-3
2.600000E-1	-3.323003E-3
2.700000E-1	-3.306604E-3
2.800000E-1	-3.288196E-3
2.900000E-1	-3.267274E-3
3.000000E-1	-3.243709E-3
3.100000E-1	-3.216842E-3
3.200000E-1	-3.186424E-3
3.300000E-1	-3.151874E-3
3.400000E-1	-3.112507E-3
3.500000E-1	-3.067376E-3
3.600000E-1	-3.015397E-3
3.700000E-1	-2.955591E-3
3.800000E-1	-2.886767E-3
3.900000E-1	-2.806926E-3
4.000000E-1	-2.714358E-3
4.100000E-1	-2.606568E-3
4.200000E-1	-2.480289E-3
4.300000E-1	-2.331048E-3
4.400000E-1	-2.155441E-3
4.500000E-1	-1.947683E-3
4.600000E-1	-1.700129E-3
4.700000E-1	-1.404388E-3
4.800000E-1	-1.049005E-3
4.900000E-1	-6.203771E-4
5.000000E-1	-1.011639E-4
5.100000E-1	5.269862E-4
5.200000E-1	1.290912E-3
5.300000E-1	2.223619E-3
5.400000E-1	3.365996E-3
5.500000E-1	4.766817E-3
5.600000E-1	6.481198E-3
5.700000E-1	8.581174E-3
5.800000E-1	9.999614E-3
5.900000E-1	9.999613E-3
6.000000E-1	9.999609E-3
6.100000E-1	9.999609E-3
6.200000E-1	9.999606E-3
6.300000E-1	9.999605E-3
6.400000E-1	9.999607E-3
