wavelength (nm)   spectral power density (mW/cm2.nm)
1.1500000E+03 2.4421126E-02
1.1300000E+03 1.8909497E-02
1.1100000E+03 2.6075942E-02
1.0900000E+03 4.8757126E-02
1.0700000E+03 6.3750109E-02
1.0500000E+03 6.7283443E-02
1.0300000E+03 7.0260829E-02
1.0100000E+03 7.2682335E-02
9.9000000E+02 7.2076560E-02
9.7000000E+02 5.6666155E-02
9.5000000E+02 3.3867438E-02
9.3000000E+02 4.0363584E-02
9.1000000E+02 7.0800444E-02
8.9000000E+02 8.5932406E-02
8.7000000E+02 9.5605126E-02
8.5000000E+02 9.6939947E-02
8.3000000E+02 8.9112127E-02
8.1000000E+02 9.3635804E-02
7.9000000E+02 1.1063514E-01
7.7000000E+02 1.0507756E-01
7.5000000E+02 1.1973802E-01
7.3000000E+02 1.1035422E-01
7.1000000E+02 1.3166993E-01
6.9000000E+02 1.1300009E-01
6.7000000E+02 1.3923001E-01
6.5000000E+02 1.4199000E-01
6.3000000E+02 1.4341002E-01
6.1000000E+02 1.4852996E-01
5.9000000E+02 1.3955004E-01
5.7000000E+02 1.5015003E-01
5.5000000E+02 1.5614999E-01
5.3000000E+02 1.5723991E-01
5.1000000E+02 1.5864996E-01
4.9000000E+02 1.5392009E-01
4.7000000E+02 1.5810002E-01
4.5000000E+02 1.5259975E-01
4.3000000E+02 1.0719008E-01
4.1000000E+02 1.1581990E-01
3.9000000E+02 7.2069998E-02
3.7000000E+02 6.6619958E-02
3.5000000E+02 4.8369988E-02
